SB 25BB
Hand,OS,OR,LIMP,FOLD
3c2c,0,75,25,0
3c2d,0,0,0,100
3c2h,0,0,0,100
3c2s,0,0,0,100
4c2c,0,50,50,0
4c3c,0,75,25,0
4c2d,0,0,0,100
4c3d,0,25,75,0
4c2h,0,0,0,100
4c3h,0,25,75,0
4c2s,0,0,0,100
4c3s,0,25,75,0
5c2c,0,50,50,0
5c3c,0,50,50,0
5c4c,0,25,75,0
5c2d,0,0,100,0
5c3d,0,25,75,0
5c4d,0,50,50,0
5c2h,0,0,100,0
5c3h,0,25,75,0
5c4h,0,50,50,0
5c2s,0,0,100,0
5c3s,0,25,75,0
5c4s,0,50,50,0
6c2c,0,50,50,0
6c3c,0,75,25,0
6c4c,0,50,50,0
6c5c,0,25,75,0
6c2d,0,0,0,100
6c3d,0,0,100,0
6c4d,0,25,75,0
6c5d,0,75,25,0
6c2h,0,0,0,100
6c3h,0,0,100,0
6c4h,0,25,75,0
6c5h,0,75,25,0
6c2s,0,0,0,100
6c3s,0,0,100,0
6c4s,0,25,75,0
6c5s,0,75,25,0
7c2c,0,0,100,0
7c3c,0,75,25,0
7c4c,0,75,25,0
7c5c,0,75,25,0
7c6c,0,50,50,0
7c2d,0,0,0,100
7c3d,0,0,25,75
7c4d,0,0,100,0
7c5d,0,25,75,0
7c6d,0,50,50,0
7c2h,0,0,0,100
7c3h,0,0,25,75
7c4h,0,0,100,0
7c5h,0,25,75,0
7c6h,0,50,50,0
7c2s,0,0,0,100
7c3s,0,0,25,75
7c4s,0,0,100,0
7c5s,0,25,75,0
7c6s,0,50,50,0
8c2c,0,25,75,0
8c3c,0,75,25,0
8c4c,0,100,0,0
8c5c,0,75,25,0
8c6c,0,25,75,0
8c7c,0,50,50,0
8c2d,0,0,0,100
8c3d,0,0,0,100
8c4d,0,0,100,0
8c5d,0,25,75,0
8c6d,0,50,50,0
8c7d,0,50,50,0
8c2h,0,0,0,100
8c3h,0,0,0,100
8c4h,0,0,100,0
8c5h,0,25,75,0
8c6h,0,50,50,0
8c7h,0,50,50,0
8c2s,0,0,0,100
8c3s,0,0,0,100
8c4s,0,0,100,0
8c5s,0,25,75,0
8c6s,0,50,50,0
8c7s,0,50,50,0
9c2c,0,75,25,0
9c3c,0,100,0,0
9c4c,0,100,0,0
9c5c,0,50,50,0
9c6c,0,50,50,0
9c7c,0,25,75,0
9c8c,0,50,50,0
9c2d,0,0,50,50
9c3d,0,0,100,0
9c4d,0,0,100,0
9c5d,0,25,75,0
9c6d,0,50,50,0
9c7d,0,50,50,0
9c8d,0,50,50,0
9c2h,0,0,50,50
9c3h,0,0,100,0
9c4h,0,0,100,0
9c5h,0,25,75,0
9c6h,0,50,50,0
9c7h,0,50,50,0
9c8h,0,50,50,0
9c2s,0,0,50,50
9c3s,0,0,100,0
9c4s,0,0,100,0
9c5s,0,25,75,0
9c6s,0,50,50,0
9c7s,0,50,50,0
9c8s,0,50,50,0
Tc2c,0,75,25,0
Tc3c,0,75,25,0
Tc4c,0,50,50,0
Tc5c,0,75,25,0
Tc6c,0,50,50,0
Tc7c,0,25,75,0
Tc8c,0,25,75,0
Tc9c,0,25,75,0
Tc2d,0,0,100,0
Tc3d,0,0,100,0
Tc4d,0,25,75,0
Tc5d,0,0,100,0
Tc6d,0,50,50,0
Tc7d,0,75,25,0
Tc8d,0,75,25,0
Tc9d,0,50,50,0
Tc2h,0,0,100,0
Tc3h,0,0,100,0
Tc4h,0,25,75,0
Tc5h,0,0,100,0
Tc6h,0,50,50,0
Tc7h,0,75,25,0
Tc8h,0,75,25,0
Tc9h,0,50,50,0
Tc2s,0,0,100,0
Tc3s,0,0,100,0
Tc4s,0,25,75,0
Tc5s,0,0,100,0
Tc6s,0,50,50,0
Tc7s,0,75,25,0
Tc8s,0,75,25,0
Tc9s,0,50,50,0
Jc2c,0,50,50,0
Jc3c,0,50,50,0
Jc4c,0,25,75,0
Jc5c,0,50,50,0
Jc6c,0,75,25,0
Jc7c,0,25,75,0
Jc8c,0,50,50,0
Jc9c,0,25,75,0
JcTc,0,75,25,0
Jc2d,0,0,100,0
Jc3d,0,25,75,0
Jc4d,0,25,75,0
Jc5d,0,50,50,0
Jc6d,0,25,75,0
Jc7d,0,75,25,0
Jc8d,0,75,25,0
Jc9d,0,75,25,0
JcTd,0,50,50,0
Jc2h,0,0,100,0
Jc3h,0,25,75,0
Jc4h,0,25,75,0
Jc5h,0,50,50,0
Jc6h,0,25,75,0
Jc7h,0,75,25,0
Jc8h,0,75,25,0
Jc9h,0,75,25,0
JcTh,0,50,50,0
Jc2s,0,0,100,0
Jc3s,0,25,75,0
Jc4s,0,25,75,0
Jc5s,0,50,50,0
Jc6s,0,25,75,0
Jc7s,0,75,25,0
Jc8s,0,75,25,0
Jc9s,0,75,25,0
JcTs,0,50,50,0
Qc2c,0,50,50,0
Qc3c,0,25,75,0
Qc4c,0,50,50,0
Qc5c,0,50,50,0
Qc6c,0,50,50,0
Qc7c,0,50,50,0
Qc8c,0,50,50,0
Qc9c,0,50,50,0
QcTc,0,50,50,0
QcJc,0,50,50,0
Qc2d,0,0,100,0
Qc3d,0,25,75,0
Qc4d,0,50,50,0
Qc5d,0,50,50,0
Qc6d,0,75,25,0
Qc7d,0,50,50,0
Qc8d,0,75,25,0
Qc9d,0,50,50,0
QcTd,0,50,50,0
QcJd,0,50,50,0
Qc2h,0,0,100,0
Qc3h,0,25,75,0
Qc4h,0,50,50,0
Qc5h,0,50,50,0
Qc6h,0,75,25,0
Qc7h,0,50,50,0
Qc8h,0,75,25,0
Qc9h,0,50,50,0
QcTh,0,50,50,0
QcJh,0,50,50,0
Qc2s,0,0,100,0
Qc3s,0,25,75,0
Qc4s,0,50,50,0
Qc5s,0,50,50,0
Qc6s,0,75,25,0
Qc7s,0,50,50,0
Qc8s,0,75,25,0
Qc9s,0,50,50,0
QcTs,0,50,50,0
QcJs,0,50,50,0
Kc2c,0,50,50,0
Kc3c,0,25,75,0
Kc4c,0,50,50,0
Kc5c,0,50,50,0
Kc6c,0,50,50,0
Kc7c,0,75,25,0
Kc8c,0,50,50,0
Kc9c,0,50,50,0
KcTc,0,100,0,0
KcJc,0,75,25,0
KcQc,0,100,0,0
Kc2d,0,0,100,0
Kc3d,0,25,75,0
Kc4d,0,50,50,0
Kc5d,0,75,25,0
Kc6d,0,75,25,0
Kc7d,0,50,50,0
Kc8d,0,75,25,0
Kc9d,0,75,25,0
KcTd,0,50,50,0
KcJd,0,50,50,0
KcQd,0,50,50,0
Kc2h,0,0,100,0
Kc3h,0,25,75,0
Kc4h,0,50,50,0
Kc5h,0,75,25,0
Kc6h,0,75,25,0
Kc7h,0,50,50,0
Kc8h,0,75,25,0
Kc9h,0,75,25,0
KcTh,0,50,50,0
KcJh,0,50,50,0
KcQh,0,50,50,0
Kc2s,0,0,100,0
Kc3s,0,25,75,0
Kc4s,0,50,50,0
Kc5s,0,75,25,0
Kc6s,0,75,25,0
Kc7s,0,50,50,0
Kc8s,0,75,25,0
Kc9s,0,75,25,0
KcTs,0,50,50,0
KcJs,0,50,50,0
KcQs,0,50,50,0
Ac2c,0,50,50,0
Ac3c,0,50,50,0
Ac4c,0,50,50,0
Ac5c,0,25,75,0
Ac6c,0,50,50,0
Ac7c,0,75,25,0
Ac8c,0,75,25,0
Ac9c,0,75,25,0
AcTc,0,100,0,0
AcJc,0,100,0,0
AcQc,0,100,0,0
AcKc,0,100,0,0
Ac2d,0,25,75,0
Ac3d,0,50,50,0
Ac4d,0,75,25,0
Ac5d,0,75,25,0
Ac6d,0,75,25,0
Ac7d,0,50,50,0
Ac8d,0,25,75,0
Ac9d,0,25,75,0
AcTd,0,25,75,0
AcJd,0,50,50,0
AcQd,0,75,25,0
AcKd,0,100,0,0
Ac2h,0,25,75,0
Ac3h,0,50,50,0
Ac4h,0,75,25,0
Ac5h,0,75,25,0
Ac6h,0,75,25,0
Ac7h,0,50,50,0
Ac8h,0,25,75,0
Ac9h,0,25,75,0
AcTh,0,25,75,0
AcJh,0,50,50,0
AcQh,0,75,25,0
AcKh,0,100,0,0
Ac2s,0,25,75,0
Ac3s,0,50,50,0
Ac4s,0,75,25,0
Ac5s,0,75,25,0
Ac6s,0,75,25,0
Ac7s,0,50,50,0
Ac8s,0,25,75,0
Ac9s,0,25,75,0
AcTs,0,25,75,0
AcJs,0,50,50,0
AcQs,0,75,25,0
AcKs,0,100,0,0
2d2c,20,40,40,0
3d2c,0,0,0,100
3d3c,0,50,50,0
3d2d,0,75,25,0
3d2h,0,0,0,100
3d2s,0,0,0,100
4d2c,0,0,0,100
4d3c,0,25,75,0
4d4c,0,75,25,0
4d2d,0,50,50,0
4d3d,0,75,25,0
4d2h,0,0,0,100
4d3h,0,25,75,0
4d2s,0,0,0,100
4d3s,0,25,75,0
5d2c,0,0,100,0
5d3c,0,25,75,0
5d4c,0,50,50,0
5d5c,0,50,50,0
5d2d,0,50,50,0
5d3d,0,50,50,0
5d4d,0,25,75,0
5d2h,0,0,100,0
5d3h,0,25,75,0
5d4h,0,50,50,0
5d2s,0,0,100,0
5d3s,0,25,75,0
5d4s,0,50,50,0
6d2c,0,0,0,100
6d3c,0,0,100,0
6d4c,0,25,75,0
6d5c,0,75,25,0
6d6c,0,75,25,0
6d2d,0,50,50,0
6d3d,0,75,25,0
6d4d,0,50,50,0
6d5d,0,25,75,0
6d2h,0,0,0,100
6d3h,0,0,100,0
6d4h,0,25,75,0
6d5h,0,75,25,0
6d2s,0,0,0,100
6d3s,0,0,100,0
6d4s,0,25,75,0
6d5s,0,75,25,0
7d2c,0,0,0,100
7d3c,0,0,25,75
7d4c,0,0,100,0
7d5c,0,25,75,0
7d6c,0,50,50,0
7d7c,0,75,25,0
7d2d,0,0,100,0
7d3d,0,75,25,0
7d4d,0,75,25,0
7d5d,0,75,25,0
7d6d,0,50,50,0
7d2h,0,0,0,100
7d3h,0,0,25,75
7d4h,0,0,100,0
7d5h,0,25,75,0
7d6h,0,50,50,0
7d2s,0,0,0,100
7d3s,0,0,25,75
7d4s,0,0,100,0
7d5s,0,25,75,0
7d6s,0,50,50,0
8d2c,0,0,0,100
8d3c,0,0,0,100
8d4c,0,0,100,0
8d5c,0,25,75,0
8d6c,0,50,50,0
8d7c,0,50,50,0
8d8c,0,75,25,0
8d2d,0,25,75,0
8d3d,0,75,25,0
8d4d,0,100,0,0
8d5d,0,75,25,0
8d6d,0,25,75,0
8d7d,0,50,50,0
8d2h,0,0,0,100
8d3h,0,0,0,100
8d4h,0,0,100,0
8d5h,0,25,75,0
8d6h,0,50,50,0
8d7h,0,50,50,0
8d2s,0,0,0,100
8d3s,0,0,0,100
8d4s,0,0,100,0
8d5s,0,25,75,0
8d6s,0,50,50,0
8d7s,0,50,50,0
9d2c,0,0,50,50
9d3c,0,0,100,0
9d4c,0,0,100,0
9d5c,0,25,75,0
9d6c,0,50,50,0
9d7c,0,50,50,0
9d8c,0,50,50,0
9d9c,0,75,25,0
9d2d,0,75,25,0
9d3d,0,100,0,0
9d4d,0,100,0,0
9d5d,0,50,50,0
9d6d,0,50,50,0
9d7d,0,25,75,0
9d8d,0,50,50,0
9d2h,0,0,50,50
9d3h,0,0,100,0
9d4h,0,0,100,0
9d5h,0,25,75,0
9d6h,0,50,50,0
9d7h,0,50,50,0
9d8h,0,50,50,0
9d2s,0,0,50,50
9d3s,0,0,100,0
9d4s,0,0,100,0
9d5s,0,25,75,0
9d6s,0,50,50,0
9d7s,0,50,50,0
9d8s,0,50,50,0
Td2c,0,0,100,0
Td3c,0,0,100,0
Td4c,0,25,75,0
Td5c,0,0,100,0
Td6c,0,50,50,0
Td7c,0,75,25,0
Td8c,0,75,25,0
Td9c,0,50,50,0
TdTc,0,100,0,0
Td2d,0,75,25,0
Td3d,0,75,25,0
Td4d,0,50,50,0
Td5d,0,75,25,0
Td6d,0,50,50,0
Td7d,0,25,75,0
Td8d,0,25,75,0
Td9d,0,25,75,0
Td2h,0,0,100,0
Td3h,0,0,100,0
Td4h,0,25,75,0
Td5h,0,0,100,0
Td6h,0,50,50,0
Td7h,0,75,25,0
Td8h,0,75,25,0
Td9h,0,50,50,0
Td2s,0,0,100,0
Td3s,0,0,100,0
Td4s,0,25,75,0
Td5s,0,0,100,0
Td6s,0,50,50,0
Td7s,0,75,25,0
Td8s,0,75,25,0
Td9s,0,50,50,0
Jd2c,0,0,100,0
Jd3c,0,25,75,0
Jd4c,0,25,75,0
Jd5c,0,50,50,0
Jd6c,0,25,75,0
Jd7c,0,75,25,0
Jd8c,0,75,25,0
Jd9c,0,75,25,0
JdTc,0,50,50,0
JdJc,0,75,25,0
Jd2d,0,50,50,0
Jd3d,0,50,50,0
Jd4d,0,25,75,0
Jd5d,0,50,50,0
Jd6d,0,75,25,0
Jd7d,0,25,75,0
Jd8d,0,50,50,0
Jd9d,0,25,75,0
JdTd,0,75,25,0
Jd2h,0,0,100,0
Jd3h,0,25,75,0
Jd4h,0,25,75,0
Jd5h,0,50,50,0
Jd6h,0,25,75,0
Jd7h,0,75,25,0
Jd8h,0,75,25,0
Jd9h,0,75,25,0
JdTh,0,50,50,0
Jd2s,0,0,100,0
Jd3s,0,25,75,0
Jd4s,0,25,75,0
Jd5s,0,50,50,0
Jd6s,0,25,75,0
Jd7s,0,75,25,0
Jd8s,0,75,25,0
Jd9s,0,75,25,0
JdTs,0,50,50,0
Qd2c,0,0,100,0
Qd3c,0,25,75,0
Qd4c,0,50,50,0
Qd5c,0,50,50,0
Qd6c,0,75,25,0
Qd7c,0,50,50,0
Qd8c,0,75,25,0
Qd9c,0,50,50,0
QdTc,0,50,50,0
QdJc,0,50,50,0
QdQc,0,100,0,0
Qd2d,0,50,50,0
Qd3d,0,25,75,0
Qd4d,0,50,50,0
Qd5d,0,50,50,0
Qd6d,0,50,50,0
Qd7d,0,50,50,0
Qd8d,0,50,50,0
Qd9d,0,50,50,0
QdTd,0,50,50,0
QdJd,0,50,50,0
Qd2h,0,0,100,0
Qd3h,0,25,75,0
Qd4h,0,50,50,0
Qd5h,0,50,50,0
Qd6h,0,75,25,0
Qd7h,0,50,50,0
Qd8h,0,75,25,0
Qd9h,0,50,50,0
QdTh,0,50,50,0
QdJh,0,50,50,0
Qd2s,0,0,100,0
Qd3s,0,25,75,0
Qd4s,0,50,50,0
Qd5s,0,50,50,0
Qd6s,0,75,25,0
Qd7s,0,50,50,0
Qd8s,0,75,25,0
Qd9s,0,50,50,0
QdTs,0,50,50,0
QdJs,0,50,50,0
Kd2c,0,0,100,0
Kd3c,0,25,75,0
Kd4c,0,50,50,0
Kd5c,0,75,25,0
Kd6c,0,75,25,0
Kd7c,0,50,50,0
Kd8c,0,75,25,0
Kd9c,0,75,25,0
KdTc,0,50,50,0
KdJc,0,50,50,0
KdQc,0,50,50,0
KdKc,0,100,0,0
Kd2d,0,50,50,0
Kd3d,0,25,75,0
Kd4d,0,50,50,0
Kd5d,0,50,50,0
Kd6d,0,50,50,0
Kd7d,0,75,25,0
Kd8d,0,50,50,0
Kd9d,0,50,50,0
KdTd,0,100,0,0
KdJd,0,75,25,0
KdQd,0,100,0,0
Kd2h,0,0,100,0
Kd3h,0,25,75,0
Kd4h,0,50,50,0
Kd5h,0,75,25,0
Kd6h,0,75,25,0
Kd7h,0,50,50,0
Kd8h,0,75,25,0
Kd9h,0,75,25,0
KdTh,0,50,50,0
KdJh,0,50,50,0
KdQh,0,50,50,0
Kd2s,0,0,100,0
Kd3s,0,25,75,0
Kd4s,0,50,50,0
Kd5s,0,75,25,0
Kd6s,0,75,25,0
Kd7s,0,50,50,0
Kd8s,0,75,25,0
Kd9s,0,75,25,0
KdTs,0,50,50,0
KdJs,0,50,50,0
KdQs,0,50,50,0
Ad2c,0,25,75,0
Ad3c,0,50,50,0
Ad4c,0,75,25,0
Ad5c,0,75,25,0
Ad6c,0,75,25,0
Ad7c,0,50,50,0
Ad8c,0,25,75,0
Ad9c,0,25,75,0
AdTc,0,25,75,0
AdJc,0,50,50,0
AdQc,0,75,25,0
AdKc,0,100,0,0
AdAc,0,100,0,0
Ad2d,0,50,50,0
Ad3d,0,50,50,0
Ad4d,0,50,50,0
Ad5d,0,25,75,0
Ad6d,0,50,50,0
Ad7d,0,75,25,0
Ad8d,0,75,25,0
Ad9d,0,75,25,0
AdTd,0,100,0,0
AdJd,0,100,0,0
AdQd,0,100,0,0
AdKd,0,100,0,0
Ad2h,0,25,75,0
Ad3h,0,50,50,0
Ad4h,0,75,25,0
Ad5h,0,75,25,0
Ad6h,0,75,25,0
Ad7h,0,50,50,0
Ad8h,0,25,75,0
Ad9h,0,25,75,0
AdTh,0,25,75,0
AdJh,0,50,50,0
AdQh,0,75,25,0
AdKh,0,100,0,0
Ad2s,0,25,75,0
Ad3s,0,50,50,0
Ad4s,0,75,25,0
Ad5s,0,75,25,0
Ad6s,0,75,25,0
Ad7s,0,50,50,0
Ad8s,0,25,75,0
Ad9s,0,25,75,0
AdTs,0,25,75,0
AdJs,0,50,50,0
AdQs,0,75,25,0
AdKs,0,100,0,0
2h2c,20,40,40,0
2h2d,20,40,40,0
3h2c,0,0,0,100
3h3c,0,50,50,0
3h2d,0,0,0,100
3h3d,0,50,50,0
3h2h,0,75,25,0
3h2s,0,0,0,100
4h2c,0,0,0,100
4h3c,0,25,75,0
4h4c,0,75,25,0
4h2d,0,0,0,100
4h3d,0,25,75,0
4h4d,0,75,25,0
4h2h,0,50,50,0
4h3h,0,75,25,0
4h2s,0,0,0,100
4h3s,0,25,75,0
5h2c,0,0,100,0
5h3c,0,25,75,0
5h4c,0,50,50,0
5h5c,0,50,50,0
5h2d,0,0,100,0
5h3d,0,25,75,0
5h4d,0,50,50,0
5h5d,0,50,50,0
5h2h,0,50,50,0
5h3h,0,50,50,0
5h4h,0,25,75,0
5h2s,0,0,100,0
5h3s,0,25,75,0
5h4s,0,50,50,0
6h2c,0,0,0,100
6h3c,0,0,100,0
6h4c,0,25,75,0
6h5c,0,75,25,0
6h6c,0,75,25,0
6h2d,0,0,0,100
6h3d,0,0,100,0
6h4d,0,25,75,0
6h5d,0,75,25,0
6h6d,0,75,25,0
6h2h,0,50,50,0
6h3h,0,75,25,0
6h4h,0,50,50,0
6h5h,0,25,75,0
6h2s,0,0,0,100
6h3s,0,0,100,0
6h4s,0,25,75,0
6h5s,0,75,25,0
7h2c,0,0,0,100
7h3c,0,0,25,75
7h4c,0,0,100,0
7h5c,0,25,75,0
7h6c,0,50,50,0
7h7c,0,75,25,0
7h2d,0,0,0,100
7h3d,0,0,25,75
7h4d,0,0,100,0
7h5d,0,25,75,0
7h6d,0,50,50,0
7h7d,0,75,25,0
7h2h,0,0,100,0
7h3h,0,75,25,0
7h4h,0,75,25,0
7h5h,0,75,25,0
7h6h,0,50,50,0
7h2s,0,0,0,100
7h3s,0,0,25,75
7h4s,0,0,100,0
7h5s,0,25,75,0
7h6s,0,50,50,0
8h2c,0,0,0,100
8h3c,0,0,0,100
8h4c,0,0,100,0
8h5c,0,25,75,0
8h6c,0,50,50,0
8h7c,0,50,50,0
8h8c,0,75,25,0
8h2d,0,0,0,100
8h3d,0,0,0,100
8h4d,0,0,100,0
8h5d,0,25,75,0
8h6d,0,50,50,0
8h7d,0,50,50,0
8h8d,0,75,25,0
8h2h,0,25,75,0
8h3h,0,75,25,0
8h4h,0,100,0,0
8h5h,0,75,25,0
8h6h,0,25,75,0
8h7h,0,50,50,0
8h2s,0,0,0,100
8h3s,0,0,0,100
8h4s,0,0,100,0
8h5s,0,25,75,0
8h6s,0,50,50,0
8h7s,0,50,50,0
9h2c,0,0,50,50
9h3c,0,0,100,0
9h4c,0,0,100,0
9h5c,0,25,75,0
9h6c,0,50,50,0
9h7c,0,50,50,0
9h8c,0,50,50,0
9h9c,0,75,25,0
9h2d,0,0,50,50
9h3d,0,0,100,0
9h4d,0,0,100,0
9h5d,0,25,75,0
9h6d,0,50,50,0
9h7d,0,50,50,0
9h8d,0,50,50,0
9h9d,0,75,25,0
9h2h,0,75,25,0
9h3h,0,100,0,0
9h4h,0,100,0,0
9h5h,0,50,50,0
9h6h,0,50,50,0
9h7h,0,25,75,0
9h8h,0,50,50,0
9h2s,0,0,50,50
9h3s,0,0,100,0
9h4s,0,0,100,0
9h5s,0,25,75,0
9h6s,0,50,50,0
9h7s,0,50,50,0
9h8s,0,50,50,0
Th2c,0,0,100,0
Th3c,0,0,100,0
Th4c,0,25,75,0
Th5c,0,0,100,0
Th6c,0,50,50,0
Th7c,0,75,25,0
Th8c,0,75,25,0
Th9c,0,50,50,0
ThTc,0,100,0,0
Th2d,0,0,100,0
Th3d,0,0,100,0
Th4d,0,25,75,0
Th5d,0,0,100,0
Th6d,0,50,50,0
Th7d,0,75,25,0
Th8d,0,75,25,0
Th9d,0,50,50,0
ThTd,0,100,0,0
Th2h,0,75,25,0
Th3h,0,75,25,0
Th4h,0,50,50,0
Th5h,0,75,25,0
Th6h,0,50,50,0
Th7h,0,25,75,0
Th8h,0,25,75,0
Th9h,0,25,75,0
Th2s,0,0,100,0
Th3s,0,0,100,0
Th4s,0,25,75,0
Th5s,0,0,100,0
Th6s,0,50,50,0
Th7s,0,75,25,0
Th8s,0,75,25,0
Th9s,0,50,50,0
Jh2c,0,0,100,0
Jh3c,0,25,75,0
Jh4c,0,25,75,0
Jh5c,0,50,50,0
Jh6c,0,25,75,0
Jh7c,0,75,25,0
Jh8c,0,75,25,0
Jh9c,0,75,25,0
JhTc,0,50,50,0
JhJc,0,75,25,0
Jh2d,0,0,100,0
Jh3d,0,25,75,0
Jh4d,0,25,75,0
Jh5d,0,50,50,0
Jh6d,0,25,75,0
Jh7d,0,75,25,0
Jh8d,0,75,25,0
Jh9d,0,75,25,0
JhTd,0,50,50,0
JhJd,0,75,25,0
Jh2h,0,50,50,0
Jh3h,0,50,50,0
Jh4h,0,25,75,0
Jh5h,0,50,50,0
Jh6h,0,75,25,0
Jh7h,0,25,75,0
Jh8h,0,50,50,0
Jh9h,0,25,75,0
JhTh,0,75,25,0
Jh2s,0,0,100,0
Jh3s,0,25,75,0
Jh4s,0,25,75,0
Jh5s,0,50,50,0
Jh6s,0,25,75,0
Jh7s,0,75,25,0
Jh8s,0,75,25,0
Jh9s,0,75,25,0
JhTs,0,50,50,0
Qh2c,0,0,100,0
Qh3c,0,25,75,0
Qh4c,0,50,50,0
Qh5c,0,50,50,0
Qh6c,0,75,25,0
Qh7c,0,50,50,0
Qh8c,0,75,25,0
Qh9c,0,50,50,0
QhTc,0,50,50,0
QhJc,0,50,50,0
QhQc,0,100,0,0
Qh2d,0,0,100,0
Qh3d,0,25,75,0
Qh4d,0,50,50,0
Qh5d,0,50,50,0
Qh6d,0,75,25,0
Qh7d,0,50,50,0
Qh8d,0,75,25,0
Qh9d,0,50,50,0
QhTd,0,50,50,0
QhJd,0,50,50,0
QhQd,0,100,0,0
Qh2h,0,50,50,0
Qh3h,0,25,75,0
Qh4h,0,50,50,0
Qh5h,0,50,50,0
Qh6h,0,50,50,0
Qh7h,0,50,50,0
Qh8h,0,50,50,0
Qh9h,0,50,50,0
QhTh,0,50,50,0
QhJh,0,50,50,0
Qh2s,0,0,100,0
Qh3s,0,25,75,0
Qh4s,0,50,50,0
Qh5s,0,50,50,0
Qh6s,0,75,25,0
Qh7s,0,50,50,0
Qh8s,0,75,25,0
Qh9s,0,50,50,0
QhTs,0,50,50,0
QhJs,0,50,50,0
Kh2c,0,0,100,0
Kh3c,0,25,75,0
Kh4c,0,50,50,0
Kh5c,0,75,25,0
Kh6c,0,75,25,0
Kh7c,0,50,50,0
Kh8c,0,75,25,0
Kh9c,0,75,25,0
KhTc,0,50,50,0
KhJc,0,50,50,0
KhQc,0,50,50,0
KhKc,0,100,0,0
Kh2d,0,0,100,0
Kh3d,0,25,75,0
Kh4d,0,50,50,0
Kh5d,0,75,25,0
Kh6d,0,75,25,0
Kh7d,0,50,50,0
Kh8d,0,75,25,0
Kh9d,0,75,25,0
KhTd,0,50,50,0
KhJd,0,50,50,0
KhQd,0,50,50,0
KhKd,0,100,0,0
Kh2h,0,50,50,0
Kh3h,0,25,75,0
Kh4h,0,50,50,0
Kh5h,0,50,50,0
Kh6h,0,50,50,0
Kh7h,0,75,25,0
Kh8h,0,50,50,0
Kh9h,0,50,50,0
KhTh,0,100,0,0
KhJh,0,75,25,0
KhQh,0,100,0,0
Kh2s,0,0,100,0
Kh3s,0,25,75,0
Kh4s,0,50,50,0
Kh5s,0,75,25,0
Kh6s,0,75,25,0
Kh7s,0,50,50,0
Kh8s,0,75,25,0
Kh9s,0,75,25,0
KhTs,0,50,50,0
KhJs,0,50,50,0
KhQs,0,50,50,0
Ah2c,0,25,75,0
Ah3c,0,50,50,0
Ah4c,0,75,25,0
Ah5c,0,75,25,0
Ah6c,0,75,25,0
Ah7c,0,50,50,0
Ah8c,0,25,75,0
Ah9c,0,25,75,0
AhTc,0,25,75,0
AhJc,0,50,50,0
AhQc,0,75,25,0
AhKc,0,100,0,0
AhAc,0,100,0,0
Ah2d,0,25,75,0
Ah3d,0,50,50,0
Ah4d,0,75,25,0
Ah5d,0,75,25,0
Ah6d,0,75,25,0
Ah7d,0,50,50,0
Ah8d,0,25,75,0
Ah9d,0,25,75,0
AhTd,0,25,75,0
AhJd,0,50,50,0
AhQd,0,75,25,0
AhKd,0,100,0,0
AhAd,0,100,0,0
Ah2h,0,50,50,0
Ah3h,0,50,50,0
Ah4h,0,50,50,0
Ah5h,0,25,75,0
Ah6h,0,50,50,0
Ah7h,0,75,25,0
Ah8h,0,75,25,0
Ah9h,0,75,25,0
AhTh,0,100,0,0
AhJh,0,100,0,0
AhQh,0,100,0,0
AhKh,0,100,0,0
Ah2s,0,25,75,0
Ah3s,0,50,50,0
Ah4s,0,75,25,0
Ah5s,0,75,25,0
Ah6s,0,75,25,0
Ah7s,0,50,50,0
Ah8s,0,25,75,0
Ah9s,0,25,75,0
AhTs,0,25,75,0
AhJs,0,50,50,0
AhQs,0,75,25,0
AhKs,0,100,0,0
2s2c,20,40,40,0
2s2d,20,40,40,0
2s2h,20,40,40,0
3s2c,0,0,0,100
3s3c,0,50,50,0
3s2d,0,0,0,100
3s3d,0,50,50,0
3s2h,0,0,0,100
3s3h,0,50,50,0
3s2s,0,75,25,0
4s2c,0,0,0,100
4s3c,0,25,75,0
4s4c,0,75,25,0
4s2d,0,0,0,100
4s3d,0,25,75,0
4s4d,0,75,25,0
4s2h,0,0,0,100
4s3h,0,25,75,0
4s4h,0,75,25,0
4s2s,0,50,50,0
4s3s,0,75,25,0
5s2c,0,0,100,0
5s3c,0,25,75,0
5s4c,0,50,50,0
5s5c,0,50,50,0
5s2d,0,0,100,0
5s3d,0,25,75,0
5s4d,0,50,50,0
5s5d,0,50,50,0
5s2h,0,0,100,0
5s3h,0,25,75,0
5s4h,0,50,50,0
5s5h,0,50,50,0
5s2s,0,50,50,0
5s3s,0,50,50,0
5s4s,0,25,75,0
6s2c,0,0,0,100
6s3c,0,0,100,0
6s4c,0,25,75,0
6s5c,0,75,25,0
6s6c,0,75,25,0
6s2d,0,0,0,100
6s3d,0,0,100,0
6s4d,0,25,75,0
6s5d,0,75,25,0
6s6d,0,75,25,0
6s2h,0,0,0,100
6s3h,0,0,100,0
6s4h,0,25,75,0
6s5h,0,75,25,0
6s6h,0,75,25,0
6s2s,0,50,50,0
6s3s,0,75,25,0
6s4s,0,50,50,0
6s5s,0,25,75,0
7s2c,0,0,0,100
7s3c,0,0,25,75
7s4c,0,0,100,0
7s5c,0,25,75,0
7s6c,0,50,50,0
7s7c,0,75,25,0
7s2d,0,0,0,100
7s3d,0,0,25,75
7s4d,0,0,100,0
7s5d,0,25,75,0
7s6d,0,50,50,0
7s7d,0,75,25,0
7s2h,0,0,0,100
7s3h,0,0,25,75
7s4h,0,0,100,0
7s5h,0,25,75,0
7s6h,0,50,50,0
7s7h,0,75,25,0
7s2s,0,0,100,0
7s3s,0,75,25,0
7s4s,0,75,25,0
7s5s,0,75,25,0
7s6s,0,50,50,0
8s2c,0,0,0,100
8s3c,0,0,0,100
8s4c,0,0,100,0
8s5c,0,25,75,0
8s6c,0,50,50,0
8s7c,0,50,50,0
8s8c,0,75,25,0
8s2d,0,0,0,100
8s3d,0,0,0,100
8s4d,0,0,100,0
8s5d,0,25,75,0
8s6d,0,50,50,0
8s7d,0,50,50,0
8s8d,0,75,25,0
8s2h,0,0,0,100
8s3h,0,0,0,100
8s4h,0,0,100,0
8s5h,0,25,75,0
8s6h,0,50,50,0
8s7h,0,50,50,0
8s8h,0,75,25,0
8s2s,0,25,75,0
8s3s,0,75,25,0
8s4s,0,100,0,0
8s5s,0,75,25,0
8s6s,0,25,75,0
8s7s,0,50,50,0
9s2c,0,0,50,50
9s3c,0,0,100,0
9s4c,0,0,100,0
9s5c,0,25,75,0
9s6c,0,50,50,0
9s7c,0,50,50,0
9s8c,0,50,50,0
9s9c,0,75,25,0
9s2d,0,0,50,50
9s3d,0,0,100,0
9s4d,0,0,100,0
9s5d,0,25,75,0
9s6d,0,50,50,0
9s7d,0,50,50,0
9s8d,0,50,50,0
9s9d,0,75,25,0
9s2h,0,0,50,50
9s3h,0,0,100,0
9s4h,0,0,100,0
9s5h,0,25,75,0
9s6h,0,50,50,0
9s7h,0,50,50,0
9s8h,0,50,50,0
9s9h,0,75,25,0
9s2s,0,75,25,0
9s3s,0,100,0,0
9s4s,0,100,0,0
9s5s,0,50,50,0
9s6s,0,50,50,0
9s7s,0,25,75,0
9s8s,0,50,50,0
Ts2c,0,0,100,0
Ts3c,0,0,100,0
Ts4c,0,25,75,0
Ts5c,0,0,100,0
Ts6c,0,50,50,0
Ts7c,0,75,25,0
Ts8c,0,75,25,0
Ts9c,0,50,50,0
TsTc,0,100,0,0
Ts2d,0,0,100,0
Ts3d,0,0,100,0
Ts4d,0,25,75,0
Ts5d,0,0,100,0
Ts6d,0,50,50,0
Ts7d,0,75,25,0
Ts8d,0,75,25,0
Ts9d,0,50,50,0
TsTd,0,100,0,0
Ts2h,0,0,100,0
Ts3h,0,0,100,0
Ts4h,0,25,75,0
Ts5h,0,0,100,0
Ts6h,0,50,50,0
Ts7h,0,75,25,0
Ts8h,0,75,25,0
Ts9h,0,50,50,0
TsTh,0,100,0,0
Ts2s,0,75,25,0
Ts3s,0,75,25,0
Ts4s,0,50,50,0
Ts5s,0,75,25,0
Ts6s,0,50,50,0
Ts7s,0,25,75,0
Ts8s,0,25,75,0
Ts9s,0,25,75,0
Js2c,0,0,100,0
Js3c,0,25,75,0
Js4c,0,25,75,0
Js5c,0,50,50,0
Js6c,0,25,75,0
Js7c,0,75,25,0
Js8c,0,75,25,0
Js9c,0,75,25,0
JsTc,0,50,50,0
JsJc,0,75,25,0
Js2d,0,0,100,0
Js3d,0,25,75,0
Js4d,0,25,75,0
Js5d,0,50,50,0
Js6d,0,25,75,0
Js7d,0,75,25,0
Js8d,0,75,25,0
Js9d,0,75,25,0
JsTd,0,50,50,0
JsJd,0,75,25,0
Js2h,0,0,100,0
Js3h,0,25,75,0
Js4h,0,25,75,0
Js5h,0,50,50,0
Js6h,0,25,75,0
Js7h,0,75,25,0
Js8h,0,75,25,0
Js9h,0,75,25,0
JsTh,0,50,50,0
JsJh,0,75,25,0
Js2s,0,50,50,0
Js3s,0,50,50,0
Js4s,0,25,75,0
Js5s,0,50,50,0
Js6s,0,75,25,0
Js7s,0,25,75,0
Js8s,0,50,50,0
Js9s,0,25,75,0
JsTs,0,75,25,0
Qs2c,0,0,100,0
Qs3c,0,25,75,0
Qs4c,0,50,50,0
Qs5c,0,50,50,0
Qs6c,0,75,25,0
Qs7c,0,50,50,0
Qs8c,0,75,25,0
Qs9c,0,50,50,0
QsTc,0,50,50,0
QsJc,0,50,50,0
QsQc,0,100,0,0
Qs2d,0,0,100,0
Qs3d,0,25,75,0
Qs4d,0,50,50,0
Qs5d,0,50,50,0
Qs6d,0,75,25,0
Qs7d,0,50,50,0
Qs8d,0,75,25,0
Qs9d,0,50,50,0
QsTd,0,50,50,0
QsJd,0,50,50,0
QsQd,0,100,0,0
Qs2h,0,0,100,0
Qs3h,0,25,75,0
Qs4h,0,50,50,0
Qs5h,0,50,50,0
Qs6h,0,75,25,0
Qs7h,0,50,50,0
Qs8h,0,75,25,0
Qs9h,0,50,50,0
QsTh,0,50,50,0
QsJh,0,50,50,0
QsQh,0,100,0,0
Qs2s,0,50,50,0
Qs3s,0,25,75,0
Qs4s,0,50,50,0
Qs5s,0,50,50,0
Qs6s,0,50,50,0
Qs7s,0,50,50,0
Qs8s,0,50,50,0
Qs9s,0,50,50,0
QsTs,0,50,50,0
QsJs,0,50,50,0
Ks2c,0,0,100,0
Ks3c,0,25,75,0
Ks4c,0,50,50,0
Ks5c,0,75,25,0
Ks6c,0,75,25,0
Ks7c,0,50,50,0
Ks8c,0,75,25,0
Ks9c,0,75,25,0
KsTc,0,50,50,0
KsJc,0,50,50,0
KsQc,0,50,50,0
KsKc,0,100,0,0
Ks2d,0,0,100,0
Ks3d,0,25,75,0
Ks4d,0,50,50,0
Ks5d,0,75,25,0
Ks6d,0,75,25,0
Ks7d,0,50,50,0
Ks8d,0,75,25,0
Ks9d,0,75,25,0
KsTd,0,50,50,0
KsJd,0,50,50,0
KsQd,0,50,50,0
KsKd,0,100,0,0
Ks2h,0,0,100,0
Ks3h,0,25,75,0
Ks4h,0,50,50,0
Ks5h,0,75,25,0
Ks6h,0,75,25,0
Ks7h,0,50,50,0
Ks8h,0,75,25,0
Ks9h,0,75,25,0
KsTh,0,50,50,0
KsJh,0,50,50,0
KsQh,0,50,50,0
KsKh,0,100,0,0
Ks2s,0,50,50,0
Ks3s,0,25,75,0
Ks4s,0,50,50,0
Ks5s,0,50,50,0
Ks6s,0,50,50,0
Ks7s,0,75,25,0
Ks8s,0,50,50,0
Ks9s,0,50,50,0
KsTs,0,100,0,0
KsJs,0,75,25,0
KsQs,0,100,0,0
As2c,0,25,75,0
As3c,0,50,50,0
As4c,0,75,25,0
As5c,0,75,25,0
As6c,0,75,25,0
As7c,0,50,50,0
As8c,0,25,75,0
As9c,0,25,75,0
AsTc,0,25,75,0
AsJc,0,50,50,0
AsQc,0,75,25,0
AsKc,0,100,0,0
AsAc,0,100,0,0
As2d,0,25,75,0
As3d,0,50,50,0
As4d,0,75,25,0
As5d,0,75,25,0
As6d,0,75,25,0
As7d,0,50,50,0
As8d,0,25,75,0
As9d,0,25,75,0
AsTd,0,25,75,0
AsJd,0,50,50,0
AsQd,0,75,25,0
AsKd,0,100,0,0
AsAd,0,100,0,0
As2h,0,25,75,0
As3h,0,50,50,0
As4h,0,75,25,0
As5h,0,75,25,0
As6h,0,75,25,0
As7h,0,50,50,0
As8h,0,25,75,0
As9h,0,25,75,0
AsTh,0,25,75,0
AsJh,0,50,50,0
AsQh,0,75,25,0
AsKh,0,100,0,0
AsAh,0,100,0,0
As2s,0,50,50,0
As3s,0,50,50,0
As4s,0,50,50,0
As5s,0,25,75,0
As6s,0,50,50,0
As7s,0,75,25,0
As8s,0,75,25,0
As9s,0,75,25,0
AsTs,0,100,0,0
AsJs,0,100,0,0
AsQs,0,100,0,0
AsKs,0,100,0,0
